# M_IMBH = 1000 M_solar, rho0 = 226.00; gamma = 2.33
# alpha = 2.0; r_t = 1.7187530302137936e-07 pc
# Columns: radius r [pc], psi(r) [(km/s)^2]
2.871972324685601342e-10 1.497926383197045326e+10
2.945555708202054415e-10 1.460506479108396339e+10
3.021024386462886148e-10 1.424021367162627220e+10
3.098426662985864687e-10 1.388447695174752998e+10
3.177812078882952420e-10 1.353762694324315453e+10
3.259231444568957475e-10 1.319944164582271576e+10
3.342736872282594967e-10 1.286970460501924133e+10
3.428381809440785376e-10 1.254820477364811516e+10
3.516221072847520447e-10 1.223473637672699928e+10
3.606310883779211223e-10 1.192909877977005959e+10
3.698708903968954959e-10 1.163109636037243462e+10
3.793474272512769796e-10 1.134053838300270844e+10
3.890667643721409061e-10 1.105723887692316818e+10
3.990351225941982276e-10 1.078101651715967941e+10
4.092588821374220014e-10 1.051169450844528389e+10
4.197445866906960576e-10 1.024910047206265259e+10
4.304989476000748724e-10 9.993066335513866425e+09
4.415288481643686265e-10 9.743428224945915222e+09
4.528413480407778713e-10 9.500026360263698578e+09
4.644436877634073299e-10 9.262704952863275528e+09
4.763432933775497765e-10 9.031312105919782639e+09
4.885477811927057995e-10 8.805699717166305542e+09
5.010649626573811975e-10 8.585723384101444244e+09
5.139028493587829609e-10 8.371242311564885139e+09
5.270696581506138393e-10 8.162119221621889114e+09
5.405738164122462475e-10 7.958220265698878288e+09
5.544239674426429629e-10 7.759414938914093971e+09
5.686289759924769559e-10 7.565575996548283577e+09
5.831979339379901689e-10 7.376579372602083206e+09
5.981401661002239115e-10 7.192304100387918472e+09
6.134652362133442186e-10 7.012632235105641365e+09
6.291829530458835381e-10 6.837448778352262497e+09
6.453033766788160706e-10 6.666641604517566681e+09
6.618368249444839622e-10 6.500101389018439293e+09
6.787938800304980522e-10 6.337721538325947762e+09
6.961853952528369692e-10 6.179398121740489960e+09
7.140225020024818941e-10 6.025029804871220589e+09
7.323166168700329843e-10 5.874517784777268410e+09
7.510794489528658442e-10 5.727765726729188919e+09
7.703230073495071956e-10 5.584679702550204277e+09
7.900596088460213990e-10 5.445168130497749329e+09
8.103018857993481614e-10 5.309141716646759987e+09
8.310627942225886365e-10 5.176513397737457275e+09
8.523556220774777269e-10 5.047198285450718880e+09
8.741939977793041821e-10 4.921113612075512886e+09
8.965918989197400549e-10 4.798178677533693314e+09
9.195636612131593666e-10 4.678314797728135109e+09
9.431239876721718289e-10 4.561445254181207657e+09
9.672879580182457421e-10 4.447495244931322098e+09
9.920710383334419434e-10 4.336391836656147003e+09
1.017489090959435469e-09 4.228063917991861343e+09
1.043558384650164644e-09 4.122442154018500328e+09
1.070295604984601496e-09 4.019458941882358074e+09
1.097717865046309408e-09 3.919048367526969433e+09
1.125842716376625521e-09 3.821146163504993439e+09
1.154688160208475512e-09 3.725689667844041824e+09
1.184272658988013534e-09 3.632617783940028667e+09
1.214615148191458300e-09 3.541870941452494621e+09
1.245735048444692780e-09 3.453391058176754951e+09
1.277652277953381716e-09 3.367121502868569851e+09
1.310387265251563799e-09 3.283007058997467041e+09
1.343960962276878242e-09 3.200993889405561924e+09
1.378394857780793708e-09 3.121029501849236012e+09
1.413710991082424496e-09 3.043062715401633263e+09
1.449931966174735170e-09 2.967043627694446087e+09
1.487080966192164189e-09 2.892923582978050709e+09
1.525181768248923087e-09 2.820655140979529858e+09
1.564258758657467452e-09 2.750192046538687229e+09
1.604336948536920077e-09 2.681489200002487183e+09
1.645441989821296966e-09 2.614502628359287739e+09
1.687600191678047400e-09 2.549189457093885899e+09
1.730838537347091880e-09 2.485507882745921612e+09
1.775184701411402888e-09 2.423417146153640270e+09
1.820667067510036902e-09 2.362877506366123199e+09
1.867314746505005266e-09 2.303850215207197189e+09
1.915157595113599992e-09 2.246297492474786758e+09
1.964226235018101429e-09 2.190182501759797096e+09
2.014552072465103438e-09 2.135469326869076729e+09
2.066167318366992199e-09 2.082122948837362766e+09
2.119105008918450634e-09 2.030109223513497591e+09
2.173399026741186301e-09 1.979394859706554651e+09
2.229084122570405509e-09 1.929947397877912045e+09
2.286195937496926582e-09 1.881735189365620136e+09
2.344771025779161409e-09 1.834727376127763271e+09
2.404846878239565043e-09 1.788893870991863251e+09
2.466461946260535635e-09 1.744205338397663355e+09
2.529655666395110572e-09 1.700633175621000290e+09
2.594468485608226534e-09 1.658149494466704369e+09
2.660941887164685068e-09 1.616727103418839455e+09
2.729118417180401207e-09 1.576339490236862659e+09
2.799041711853926666e-09 1.536960804986526966e+09
2.870756525395677554e-09 1.498565843494719028e+09
2.944308758672742796e-09 1.461130031217591524e+09
3.019745488587606071e-09 1.424629407511704683e+09
3.097114998209572745e-09 1.389040610298088789e+09
3.176466807678279744e-09 1.354340861109383106e+09
3.257851705898782111e-09 1.320507950510610580e+09
3.341321783049028958e-09 1.287520223884012699e+09
3.426930463919897518e-09 1.255356567569134712e+09
3.514732542109644395e-09 1.223996395349064350e+09
3.604784215094384921e-09 1.193419635274282694e+09
3.697143120197129709e-09 1.163606716815684319e+09
3.791868371478395129e-09 1.134538558338500738e+09
3.889020597571990048e-09 1.106196554889169693e+09
3.988661980490209035e-09 1.078562566287282705e+09
4.090856295423253237e-09 1.051618905515013695e+09
4.195668951558363942e-09 1.025348327396601677e+09
4.303167033944791610e-09 9.997340175606220961e+08
4.413419346431396474e-09 9.747595816779978275e+08
4.526496455704358829e-09 9.504090349688582420e+08
4.642470736453189311e-09 9.266667919715276957e+08
4.761416417693952450e-09 9.035176565670961142e+08
4.883409630279336411e-09 8.809468122531887293e+08
5.008528455625999240e-09 8.589398126607062817e+08
5.136852975690356478e-09 8.374825723074690104e+08
5.268465324224821197e-09 8.165613575828480721e+08
5.403449739347278467e-09 7.961627779576045275e+08
5.541892617457462139e-09 7.762737774133239985e+08
5.683882568534729051e-09 7.568816260859479904e+08
5.829510472852629835e-09 7.379739121180659533e+08
5.978869539146576329e-09 7.195385337147375345e+08
6.132055364271807212e-09 7.015636913977826834e+08
6.289165994390015667e-09 6.840378804535425901e+08
6.450301987723245253e-09 6.669498835693564415e+08
6.615566478916258331e-09 6.502887636539094448e+08
6.785065245047292640e-09 6.340438568370171785e+08
6.958906773330518035e-09 6.182047656442285776e+08
7.137202330552950348e-09 6.027613523419578075e+08
7.320066034290448763e-09 5.877037324488581419e+08
7.507614925948351207e-09 5.730222684092894793e+08
7.699969045673506606e-09 5.587075634248292446e+08
7.897251509185629216e-09 5.447504554398796558e+08
8.099588586577177364e-09 5.311420112775215507e+08
8.307109783132175763e-09 5.178735209218615294e+08
8.519947922215709945e-09 5.049364919432128668e+08
8.738239230287153983e-09 4.923226440625392199e+08
8.962123424091538470e-09 4.800239038516902328e+08
9.191743800084858717e-09 4.680323995660250187e+08
9.427247326150578935e-09 4.563404561061279178e+08
9.668784735666019238e-09 4.449405901053831577e+08
9.916510623978827653e-09 4.338255051402685642e+08
1.017058354735530769e-08 4.229880870603027344e+08
1.043116612446391549e-08 4.124213994346531034e+08
1.069842514045888682e-08 4.021186791124948263e+08
1.097253165373058669e-08 3.920733318942784667e+08
1.125366110539104762e-08 3.822789283111279607e+08
1.154199343156443092e-08 3.727291995096837282e+08
1.183771317855473820e-08 3.634180332397388220e+08
1.214100962096412739e-08 3.543394699421137571e+08
1.245207688283760466e-08 3.454876989342560768e+08
1.277111406191157268e-08 3.368570546911334991e+08
1.309832535704579000e-08 3.284420132190298438e+08
1.343392019892028356e-08 3.202371885199312568e+08
1.377811338408086521e-08 3.122373291442329884e+08
1.413112521241904601e-08 3.044373148295663595e+08
1.449318162817447423e-08 2.968321532235891819e+08
1.486451436454975225e-08 2.894169766886472702e+08
1.524536109203074626e-08 2.821870391862567067e+08
1.563596557050688268e-08 2.751377132394173741e+08
1.603657780528899054e-08 2.682644869708094299e+08
1.644745420712451406e-08 2.615629612149804831e+08
1.686885775631248709e-08 2.550288467026735842e+08
1.730105817102334953e-08 2.486579613154925108e+08
1.774433207993131282e-08 2.424462274091509879e+08
1.819896319926977279e-08 2.363896692035881877e+08
1.866524251442309001e-08 2.304844102382822931e+08
1.914346846617098991e-08 2.247266708911352754e+08
1.963394714170474282e-08 2.191127659593362808e+08
2.013699247053742421e-08 2.136391023006586730e+08
2.065292642543362942e-08 2.083021765336818695e+08
2.118207922848723948e-08 2.030985727954607606e+08
2.172478956247911397e-08 1.980249605552149713e+08
2.228140478765024917e-08 1.930780924826306701e+08
2.285228116402845168e-08 1.882548023694192767e+08
2.343778407945177827e-08 1.835520031027938724e+08
2.403828828343393889e-08 1.789666846895727515e+08
2.465417812702169681e-08 1.744959123296422362e+08
2.528584780879768127e-08 1.701368245375466645e+08
2.593370162718610146e-08 1.658866313110043406e+08
2.659815423922281406e-08 1.617426123451739252e+08
2.727963092595542867e-08 1.577021152915326953e+08
2.797856786464318529e-08 1.537625540602485538e+08
2.869541240793122837e-08 1.499214071649602056e+08
2.943062337017709459e-08 1.461762161089097857e+08
3.018467132111377661e-08 1.425245838113874793e+08
3.095803888703652387e-08 1.389641730734884739e+08
3.175122105970647088e-08 1.354927050821955502e+08
3.256472551316871960e-08 1.321079579518319964e+08
3.339907292868772072e-08 1.288077653019500822e+08
3.425479732800784710e-08 1.255900148707468212e+08
3.513244641515255574e-08 1.224526471631160825e+08
3.603258192698079179e-08 1.193936541324762106e+08
3.695577999272514457e-08 1.164110778955252320e+08
3.790263150274171196e-08 1.135030094791038632e+08
3.887374248670788273e-08 1.106675875983636230e+08
3.986973450150991108e-08 1.079029974654564112e+08
4.089124502906868251e-08 1.052074696279856116e+08
4.193892788435824396e-08 1.025792788364737332e+08
4.301345363387828885e-08 1.000167429401211590e+08
4.411551002484823304e-08 9.751822181015194952e+07
4.524580242539833273e-08 9.508211629005286098e+07
4.640505427603802694e-08 9.270686717203986645e+07
4.759400755269236782e-08 9.039095419909125566e+07
4.881342324160159736e-08 8.813289509191194177e+07
5.006408182638824649e-08 8.593124460020549595e+07
5.134678378760352430e-08 8.378459357764621079e+07
5.266235011507255369e-08 8.169156807995966077e+07
5.401162283336705611e-08 7.965082848553334177e+07
5.539546554074020213e-08 7.766106863799729943e+07
5.681476396187069979e-08 7.572101501022239029e+07
5.827042651476830097e-08 7.382942588920325041e+07
5.976338489220422884e-08 7.198509058130431175e+07
6.129459465803853915e-08 7.018682863735932112e+07
6.286503585882612942e-08 6.843348909712867439e+07
6.447571365109280483e-08 6.672394975263126940e+07
6.612765894468290081e-08 6.505711642987921834e+07
6.782192906259028596e-08 6.343192228855549544e+07
6.955960841769500440e-08 6.184732713918648660e+07
7.134180920683870901e-08 6.030231677737253904e+07
7.316967212268318079e-08 5.879590233465004712e+07
7.504436708380747933e-08 5.732711964556966722e+07
7.696709398351108799e-08 5.589502863058595359e+07
7.893908345780227586e-08 5.449871269436285645e+07
8.096159767306326017e-08 5.313727813911053538e+07
8.303593113389629920e-08 5.180985359257734567e+07
8.516341151166776319e-08 5.051558945033170283e+07
8.734540049428028022e-08 4.925365733197611570e+07
8.958329465771808910e-08 4.802324955094546825e+07
9.187852635992048506e-08 4.682357859755109251e+07
9.423256465755927457e-08 4.565387663493825495e+07
9.664691624630420242e-08 4.451339500763561577e+07
9.912312642517939855e-08 4.340140376238156110e+07
1.016627800856276438e-07 4.231719118092115223e+07
1.042675027259155848e-07 4.126006332447406650e+07
1.069389614915301816e-07 4.022934358958221972e+07
1.096788662422293100e-07 3.922437227505346388e+07
1.124889706464335682e-07 3.824450615972290933e+07
1.153710733036566609e-07 3.728911809076260030e+07
1.183270188956940608e-07 3.635759658227553219e+07
1.213586993673064027e-07 3.544934542391771078e+07
1.244680551371535477e-07 3.456378329929683357e+07
1.276570763397540478e-07 3.370034341390411556e+07
1.309278040992652965e-07 3.285847313234081119e+07
1.342823318358993814e-07 3.203763362460731342e+07
1.377228066058107814e-07 3.123729952122829482e+07
1.412514304753138057e-07 3.045695857699337974e+07
1.448704619303089163e-07 2.969611134309789911e+07
1.485822173218204469e-07 2.895427084747410193e+07
1.523890723485705207e-07 2.823096228310800716e+07
1.562934635775385565e-07 2.752572270414260030e+07
1.602978900034790771e-07 2.683810072957269102e+07
1.644049146483963901e-07 2.616765625434180722e+07
1.686171662019997294e-07 2.551396016765652224e+07
1.729373407041884089e-07 2.487659407833730429e+07
1.773682032706460839e-07 2.425515004703061283e+07
1.819125898626432488e-07 2.364923032511090115e+07
1.865734091021877890e-07 2.305844710010484979e+07
1.913536441336800762e-07 2.248242224747535214e+07
1.962563545332661299e-07 2.192078708860642463e+07
2.012846782671110346e-07 2.137318215483364463e+07
2.064418336998448721e-07 2.083925695736983791e+07
2.117311216544697417e-07 2.031866976297779009e+07
2.171559275250399524e-07 1.981108737524756044e+07
2.227197234434756929e-07 1.931618492133726180e+07
2.284260705018909492e-07 1.883364564404157922e+07
2.342786210318606460e-07 1.836316069905465469e+07
2.402811209420853613e-07 1.790442895729754493e+07
2.464374121159497684e-07 1.745715681218387932e+07
2.527514348705093097e-07 1.702105799170019850e+07
2.592272304784793659e-07 1.659585337518082000e+07
2.658689437548404138e-07 1.618127081465982832e+07
2.726808257097156241e-07 1.577704496068599634e+07
2.796672362692176644e-07 1.538291709248905070e+07
2.868326470660076910e-07 1.499863495238851383e+07
2.941816443013511739e-07 1.462395258433935791e+07
3.017189316805033759e-07 1.425863017651085369e+07
3.094493334233027275e-07 1.390243390779810771e+07
3.173777973518993644e-07 1.355513579816781171e+07
3.255093980575950585e-07 1.321651356274265610e+07
3.338493401488211772e-07 1.288635046953076124e+07
3.424029615823329705e-07 1.256443520070935786e+07
3.511757370797571448e-07 1.225056171737352386e+07
3.601732816316677452e-07 1.194452912766394578e+07
3.694013540914481127e-07 1.164614155818878114e+07
3.788658608612282873e-07 1.135520802865763195e+07
3.885728596722613432e-07 1.107154232964730449e+07
3.985285634621573600e-07 1.079496290342108160e+07
4.087393443514561468e-07 1.052529272772535309e+07
4.192117377220883952e-07 1.026235920248891041e+07
4.299524464003240638e-07 1.000599403935297206e+07
4.409683449469006585e-07 9.756033153960539028e+06
4.522664840570662145e-07 9.512316560936622322e+06
4.638540950733569107e-07 9.274688271491983905e+06
4.757385946139980688e-07 9.042996193584779277e+06
4.879275893198897661e-07 8.817092034576324746e+06
5.004288807232163730e-07 8.596831206318574026e+06
5.132504702407954041e-07 8.382072732612647116e+06
5.264005642953621719e-07 8.172679158979091793e+06
5.398875795680678920e-07 7.968516464682207443e+06
5.537201483855532166e-07 7.769453976952078752e+06
5.679071242450444124e-07 7.575364287349415943e+06
5.824575874810102353e-07 7.386123170219669119e+06
5.973808510770043836e-07 7.201609503184271045e+06
6.126864666264148592e-07 7.021705189618065022e+06
6.283842304459347468e-07 6.846295083063285798e+06
6.444841898456675962e-07 6.675266913531795144e+06
6.609966495598802252e-07 6.508511215648340993e+06
6.779321783425177262e-07 6.345921258588845842e+06
6.953016157317108617e-07 6.187392977768876590e+06
7.131160789875839660e-07 6.032824908238683827e+06
7.313869702078316636e-07 5.882118119742012583e+06
7.501259836255989945e-07 5.735176153397190385e+06
7.693451130943418391e-07 5.591904959960048087e+06
7.890566597644607906e-07 5.452212839629006572e+06
8.092732399566153367e-07 5.316010383353962563e+06
8.300077932367724897e-07 5.183210415611216798e+06
8.512735906981294503e-07 5.053727938608073629e+06
8.730842434552467177e-07 4.927480077881128527e+06
8.954537113558028099e-07 4.804386029253638349e+06
9.183963119155551899e-07 4.684367007117887028e+06
9.419267294822274084e-07 4.567346194009530358e+06
9.660600246341843580e-07 4.453248691441600211e+06
9.908116438199135931e-07 4.342001471966736950e+06
1.016197429244482082e-06 4.233533332436908968e+06
1.042233629009295834e-06 4.127774848430770915e+06
1.068936907511650879e-06 4.024658329819457140e+06
1.096324356110735832e-06 3.924117777442368679e+06
1.124413504066907821e-06 3.826088840865237638e+06
1.153222329761247175e-06 3.730508777193444781e+06
1.182769272202570737e-06 3.637316410914179403e+06
1.213073242829267282e-06 3.546452094741807319e+06
1.244153637613512043e-06 3.457857671441337559e+06
1.276030349475603938e-06 3.371476436605563853e+06
1.308723781016374880e-06 3.287253102362082340e+06
1.342254857575813932e-06 3.205133761986921076e+06
1.376645040626284504e-06 3.125065855402135290e+06
1.411916341508864011e-06 3.046998135535351466e+06
1.448091335521651981e-06 2.970880635519623291e+06
1.485193176369024098e-06 2.896664636712690350e+06
1.523245610981096817e-06 2.824302637515129987e+06
1.562272994712883397e-06 2.753748322967468761e+06
1.602300306932868453e-06 2.684956535106773023e+06
1.643353167010995608e-06 2.617883244063747581e+06
1.685457850716255920e-06 2.552485519881886896e+06
1.728641307034431971e-06 2.488721505040574353e+06
1.772931175416719360e-06 2.426550387664582115e+06
1.818355803470280640e-06 2.365932375402837526e+06
1.864944265102051253e-06 2.306828669959694147e+06
1.912726379127414080e-06 2.249201442262466066e+06
1.961732728355649574e-06 2.193013808249260299e+06
2.011994679164376311e-06 2.138229805261685047e+06
2.063544401575514674e-06 2.084814369027264416e+06
2.116414889845621668e-06 2.032733311216860311e+06
2.170639983583769077e-06 1.981953297562734224e+06
2.226254389410495677e-06 1.932441826523231342e+06
2.283293703171679965e-06 1.884167208480440546e+06
2.341794432721563959e-06 1.837098545457522618e+06
2.401794021289503834e-06 1.791205711342707276e+06
2.463330871445404287e-06 1.746459332607317250e+06
2.526444369679175981e-06 1.702830769505480537e+06
2.591174911609950975e-06 1.660292097743471153e+06
2.657563927841179407e-06 1.618816090606993996e+06
2.725653910478194039e-06 1.578376201534912456e+06
2.795488440325132491e-06 1.538946547128338600e+06
2.867112214778729997e-06 1.500501890584141249e+06
2.940571076436760216e-06 1.463017625542311464e+06
3.015912042439461082e-06 1.426469760336840758e+06
3.093183334562725689e-06 1.390834902640017448e+06
3.172434410082315928e-06 1.356090244490330340e+06
3.253715993428852534e-06 1.322213547694384819e+06
3.337080108653849762e-06 1.289183129593498772e+06
3.422580112727553360e-06 1.256977849185854895e+06
3.510270729689952907e-06 1.225577093595332932e+06
3.600208085676707602e-06 1.194960764878384070e+06
3.692449744842551327e-06 1.165109267160456860e+06
3.787054746205063795e-06 1.136003494093778078e+06
3.884083641432429016e-06 1.107624816628457047e+06
3.983598533599362143e-06 1.079955071089065634e+06
4.085663116936011369e-06 1.052976547549089650e+06
4.190342717595269539e-06 1.026671978495792719e+06
4.297704335464600647e-06 1.001024527778240852e+06
4.407816687049128373e-06 9.760177798314213287e+05
4.520750249453447477e-06 9.516357291695509339e+05
4.636577305490294800e-06 9.278627701418508077e+05
4.755371989944967069e-06 9.046836869442351162e+05
4.877210337025068139e-06 8.820836438805186190e+05
5.002170329026040744e-06 8.600481758668998955e+05
5.130331946243448578e-06 8.385631791736696614e+05
5.261777218164190889e-06 8.176149023981828941e+05
5.396590275969229848e-06 7.971899376633467618e+05
5.534857406381524827e-06 7.772752120359735563e+05
5.676667106893606319e-06 7.578579791595155839e+05
5.822110142410153118e-06 7.389258110958191101e+05
5.971279603341813926e-06 7.204665903706853278e+05
6.124270965187466589e-06 7.024685022181356326e+05
6.281182149643048395e-06 6.849200270184283145e+05
6.442113587276062399e-06 6.678099329249757575e+05
6.607168281805886265e-06 6.511272686754557071e+05
6.776451876030997770e-06 6.348613565825048136e+05
6.950072719445415233e-06 6.190017856995072216e+05
7.128141937587402494e-06 6.035384051571217133e+05
7.310773503165119410e-06 5.884613176662599435e+05
7.498084309004523141e-06 5.737608731833638158e+05
7.690194242866290822e-06 5.594276627339433180e+05
7.887226264179656574e-06 5.454525123903984204e+05
8.089306482742245869e-06 5.318264774002851918e+05
8.296564239436303160e-06 5.185408364612656878e+05
8.509132189012964860e-06 5.055870861390717910e+05
8.727146384997557866e-06 4.929569354249187745e+05
8.950746366770295542e-06 4.806423004288768279e+05
9.180075248878050015e-06 4.686352992058101809e+05
9.415279812634417850e-06 4.569282467105700634e+05
9.656510600066758177e-06 4.455136498792081256e+05
9.903922010270091873e-06 4.343842028330740286e+05
1.015767239822987987e-05 4.235327822027142392e+05
1.041792417617668287e-05 4.129524425685862079e+05
1.068484391753765133e-05 4.026364120156682911e+05
1.095860246355138513e-05 3.925780877991226735e+05
1.123937503261439829e-05 3.827710321182305925e+05
1.152734133242916042e-05 3.732089679959040368e+05
1.182268567502551785e-05 3.638857752611281467e+05
1.212559709472908810e-05 3.547954866317681153e+05
1.243626946915216602e-05 3.459322838952324237e+05
1.275490164328454016e-05 3.372904941845454159e+05
1.308169755676368117e-05 3.288645863474503858e+05
1.341686637440571398e-05 3.206491674062148086e+05
1.376062262008088097e-05 3.126389791058711708e+05
1.411318631401878713e-05 3.048288945486938464e+05
1.447478311363185094e-05 2.972139149127426208e+05
1.484564445794666818e-05 2.897891662523844861e+05
1.522600771573592396e-05 2.825498963787420071e+05
1.561611633744561530e-05 2.754914718180705677e+05
1.601622001101482215e-05 2.686093748461189680e+05
1.642657482168780221e-05 2.618992005965756543e+05
1.684744341592061246e-05 2.553566542417484161e+05
1.727909516948726590e-05 2.489775482436741004e+05
1.772180635989292538e-05 2.427577996738992515e+05
1.817586034320457767e-05 2.366934276002144616e+05
1.864154773541223589e-05 2.307805505386729492e+05
1.911916659843706308e-05 2.250153839692567999e+05
1.960902263090484542e-05 2.193942379136107629e+05
2.011142936380768927e-05 2.139135145732809324e+05
2.062670836117864217e-05 2.085697060269562353e+05
2.115518942590784100e-05 2.033593919852345716e+05
2.169721081083194857e-05 1.982792376014773909e+05
2.225311943523192599e-05 1.933259913373516756e+05
2.282327110687777652e-05 1.884964828816931695e+05
2.340803074976229473e-05 1.837876211213590286e+05
2.400777263766967323e-05 1.791963921627695672e+05
2.462288063372839383e-05 1.747198574028760486e+05
2.525374843610174314e-05 1.703551516483165324e+05
2.590077982997324662e-05 1.660994812815577607e+05
2.656438894598818438e-05 1.619501224728492380e+05
2.724500052531698697e-05 1.579044194368434837e+05
2.794305019150930780e-05 1.539597827327697305e+05
2.865898472931388791e-05 1.501136876070700237e+05
2.939326237064183577e-05 1.463636723774382554e+05
3.014635308785668116e-05 1.427073368572279578e+05
3.091873889457890208e-05 1.391423408192200295e+05
3.171091415419737415e-05 1.356664024977676163e+05
3.252338589628529748e-05 1.322772971283587976e+05
3.335667414112308956e-05 1.289728555236625398e+05
3.421131223253586867e-05 1.257509626851472131e+05
3.508784717925872269e-05 1.226095564493819256e+05
3.598684000504813528e-05 1.195466261681549659e+05
3.690886610776357896e-05 1.165602114215647016e+05
3.785451562764964112e-05 1.136484007632577850e+05
3.882439382505317548e-05 1.108093304970147583e+05
3.981912146781883490e-05 1.080411834838962095e+05
4.083933522860968917e-05 1.053421879791882820e+05
4.188568809240783016e-05 1.027106164984029892e+05
4.295884977445557981e-05 1.001447847116065386e+05
4.405950714890486140e-05 9.764305036536911211e+04
4.518836468844911875e-05 9.520381223164554103e+04
4.634614491521906599e-05 9.282550908291348605e+04
4.753358886323099774e-05 9.050661869291499897e+04
4.875145655268355201e-05 8.824565686235921748e+04
5.000052747640651592e-05 8.604117646896583028e+04
5.128160109877303018e-05 8.389176654123807384e+04
5.259549736739448284e-05 8.179605135537481692e+04
5.394305723792605693e-05 7.975268955474205723e+04
5.532514321231747596e-05 7.776037329134218453e+04
5.674263989085539736e-05 7.581782738872927439e+04
5.819645453834921655e-05 7.392380852583618253e+04
5.968751766482344856e-05 7.207710444119037129e+04
6.121678362108804014e-05 7.027653315700952953e+04
6.278523120956798714e-05 6.852094222268012527e+04
6.439386431078305119e-05 6.680920797713470529e+04
6.604371252587875739e-05 6.514023482965571020e+04
6.773583183561970107e-05 6.351295455864603719e+04
6.947130527626715522e-05 6.192632562791664532e+04
7.125124363277335175e-05 6.037933252005442046e+04
7.307678614973620057e-05 5.887098508644318645e+04
7.494910126057019071e-05 5.740031791352157597e+04
7.686938733535809498e-05 5.596638970487353072e+04
7.883887344786499928e-05 5.456828267875352321e+04
8.085882016220336075e-05 5.320510198066335579e+04
8.293052033965358767e-05 5.187597511060295801e+04
8.505529996615635675e-05 5.058005136462927476e+04
8.723451900100615149e-05 4.931650129036559520e+04
8.946957224728945099e-05 4.808451615611297893e+04
9.176189024462461856e-05 4.688330743322381022e+04
9.411294018477474278e-05 4.571210629140619130e+04
9.652422685071968629e-05 4.457016310663644254e+04
9.899729357978824767e-05 4.345674698136420193e+04
1.015337232514669004e-04 4.237114527670325333e+04
1.041351393005172254e-04 4.131266315631077305e+04
1.068032067560516652e-04 4.028062314165626594e+04
1.095396333072295032e-04 3.927436467840573459e+04
1.123461703962593835e-04 3.829324371363488899e+04
1.152246143394048886e-04 3.733663228360498761e+04
1.181768074767116630e-04 3.640391811183643586e+04
1.212046393511921741e-04 3.549450421722295141e+04
1.243100479182223219e-04 3.460780853193544317e+04
1.274950207859245070e-04 3.374326352887126268e+04
1.307615964873306560e-04 3.290031585840991465e+04
1.341118657851395350e-04 3.207842599424329819e+04
1.375479730099037306e-04 3.127706788805338874e+04
1.410721174325023960e-04 3.049572863281652462e+04
1.446865546717781973e-04 2.973390813451867143e+04
1.483935981382409773e-04 2.899111879207150923e+04
1.521956205147581358e-04 2.826688518522507002e+04
1.560950552751846595e-04 2.756074377027607261e+04
1.600943982419011826e-04 2.687224258337815627e+04
1.641962091832580885e-04 2.620094095126364846e+04
1.684031134519481062e-04 2.554640920919199925e+04
1.727178036653560724e-04 2.490822842594390750e+04
1.771430414289611405e-04 2.428599013568567898e+04
1.816816591038947508e-04 2.367929607653175844e+04
1.863365616197854263e-04 2.308775793563839034e+04
1.911107283340509797e-04 2.251099710066499392e+04
1.960072149388279348e-04 2.194864441744445503e+04
2.010291554167587566e-04 2.140033995370698540e+04
2.061797640468882769e-04 2.086573276870657719e+04
2.114623374619558835e-04 2.034448068860215426e+04
2.168802567583934335e-04 1.983625008745042942e+04
2.224369896603884799e-04 1.934071567366939780e+04
2.281360927393909948e-04 1.885756028183637318e+04
2.339812136904870124e-04 1.838647466968714798e+04
2.399760936670958158e-04 1.792715732018643757e+04
2.461245696754846995e-04 1.747931424854261422e+04
2.524305770306341516e-04 1.704265881404366155e+04
2.588981518750255498e-04 1.661691153659351767e+04
2.655314337619623863e-04 1.620179991783168043e+04
2.723346683050804364e-04 1.579705826672136027e+04
2.793122098957406384e-04 1.540242752949466558e+04
2.864685244900446121e-04 1.501765512384603426e+04
2.938081924672599063e-04 1.464249477726745863e+04
3.013359115614754058e-04 1.427670636942268720e+04
3.090564998683754147e-04 1.392005577845871085e+04
3.169748989290477130e-04 1.357231473115677727e+04
3.250961768928033353e-04 1.323326065682675471e+04
3.334255317610312452e-04 1.290267654485137427e+04
3.419682947141649133e-04 1.258035080578919224e+04
3.507299335238893575e-04 1.226607713594736924e+04
3.597160560527733132e-04 1.195965438533753331e+04
3.689324138435660081e-04 1.166088642893033830e+04
3.783849058004562353e-04 1.136958204112616113e+04
3.880795819646494266e-04 1.108555477336167314e+04
3.980226473866798459e-04 1.080862283477399797e+04
4.082204660979349788e-04 1.053860897584594386e+04
4.186795651839395603e-04 1.027534037495792290e+04
4.294066389619935194e-04 1.001864852777403212e+04
4.404085532658545601e-04 9.768369139391259523e+03
4.516923498401949105e-04 9.524342019183008233e+03
4.632652508476506792e-04 9.286410978269521365e+03
4.751346634913468196e-04 9.054423729549647760e+03
4.873081847558569254e-04 8.828231790229883700e+03
4.997936062696322658e-04 8.607690386788386604e+03
5.125989192920115062e-04 8.392658362313088219e+03
5.257323198280047924e-04 8.182998086154591874e+03
5.392022138741229664e-04 7.978575365836075434e+03
5.530172227986130491e-04 7.779259361163759422e+03
5.671861888595396747e-04 7.584922500483024123e+03
5.817181808642522345e-04 7.395440399026471823e+03
5.966224999738431369e-04 7.210691779301878341e+03
6.119086856563345353e-04 7.030558393468830218e+03
6.275865217923871486e-04 6.854924947654528296e+03
6.436660429374460113e-04 6.683679028160257076e+03
6.601575407443299303e-04 6.516711029511337983e+03
6.770715705503749671e-04 6.353914084304415155e+03
6.944189581333488426e-04 6.195183994807295676e+03
7.122108066404599525e-04 6.040419166267469336e+03
7.304585036948961409e-04 5.889520541886683532e+03
7.491737286844405916e-04 5.742391539419894798e+03
7.683684602368323277e-04 5.598937989358098093e+03
7.880549838866529773e-04 5.459068074655358942e+03
8.082458999386476616e-04 5.322692271961616825e+03
8.289541315325217640e-04 5.189723294323447590e+03
8.501929329143503118e-04 5.060076035316360503e+03
8.719758979199282835e-04 4.933667514572634900e+03
8.943169686754655042e-04 4.810416824669960988e+03
9.172304445212060842e-04 4.690245079346884268e+03
9.407309911636808344e-04 4.573075363011870650e+03
9.648336500624528789e-04 4.458832681513684292e+03
9.895538480573611018e-04 4.347443914141603273e+03
1.014907407242426635e-03 4.238837766824706705e+03
1.040910555092740362e-03 4.132944726500302750e+03
1.067579934850812354e-03 4.029697016622287265e+03
1.094932616179034078e-03 3.929028553780951370e+03
1.122986106085065508e-03 3.830874905406492417e+03
1.151758360127155432e-03 3.735173248529090870e+03
1.181267793906533997e-03 3.641862329569290068e+03
1.211533294854275425e-03 3.550882425132785556e+03
1.242574234320143562e-03 3.462175303784636071e+03
1.274410479971170790e-03 3.375684188778394400e+03
1.307062408507902529e-03 3.291353721716318887e+03
1.340550918706448621e-03 3.209129927117372063e+03
1.374897444794686251e-03 3.128960177870373627e+03
1.410123970171177875e-03 3.050793161550156583e+03
1.446253041475584894e-03 2.974578847575200143e+03
1.483307783019581147e-03 2.900268455185690982e+03
1.521311911587504718e-03 2.827814422221529185e+03
1.560289751616219644e-03 2.757170374680307759e+03
1.600266250763900892e-03 2.688291097035766597e+03
1.641266995877727021e-03 2.621132503297687435e+03
1.683318229370650348e-03 2.555651608794828462e+03
1.726446866017793905e-03 2.491806502662668208e+03
1.770680510183175174e-03 2.429556321018487779e+03
1.816047473487802889e-03 2.368861220806550591e+03
1.862576792930450151e-03 2.309682354296671292e+03
1.910298249472706543e-03 2.251981844219826598e+03
1.959242387100198178e-03 2.195722759524922822e+03
2.009440532372182286e-03 2.140869091741172269e+03
2.060924814472022814e-03 2.087385731930976817e+03
2.113728185771386169e-03 2.035238448218545727e+03
2.167884442921315206e-03 1.984393863879881792e+03
2.223428248483676293e-03 1.934819435980103663e+03
2.280395153116853996e-03 1.886483434544418515e+03
2.338821618329824884e-03 1.839354922249459150e+03
2.398745039819262341e-03 1.793403734621923377e+03
2.460203771404544191e-03 1.748600460731890280e+03
2.523237149576008052e-03 1.704916424368433809e+03
2.587885518672161916e-03 1.662323665685498554e+03
2.654190256701966823e-03 1.620794923306274768e+03
2.722193801828717060e-03 1.580303616874627551e+03
2.791939679532466113e-03 1.540823830042418194e+03
2.863472530468392455e-03 1.502330293881819216e+03
2.936838139038924680e-03 1.464798370711998132e+03
3.012083462697920811e-03 1.428204038329848345e+03
3.089256662005651979e-03 1.392523874634643789e+03
3.168407131453857602e-03 1.357735042636775461e+03
3.249585531080517384e-03 1.323815275841017638e+03
3.332843818894691036e-03 1.290742863994911659e+03
3.418235284132091923e-03 1.258496639193175497e+03
3.505814581362715239e-03 1.227055962329251543e+03
3.595637765472341815e-03 1.196400709885298511e+03
3.687762327540312825e-03 1.166511261052193731e+03
3.782247231636536207e-03 1.137368485171286920e+03
3.879152952561274511e-03 1.108953729489873467e+03
3.978541514551872833e-03 1.081248807222556252e+03
4.080476530981201264e-03 1.054235985910841009e+03
4.185023245073212980e-03 1.027897976073525797e+03
4.292248571661693921e-03 1.002217920140618730e+03
4.402221140018904889e-03 9.771793816636961765e+02
4.515011337781591090e-03 9.527663347957936821e+02
4.630691356002339734e-03 9.289631540341189293e+02
4.749335235355302449e-03 9.057546042189833315e+02
4.871018913525707733e-03 8.831258307825831935e+02
4.995820273813570550e-03 8.610623502413748156e+02
5.123819194982680118e-03 8.395500409259601611e+02
5.255097602386779587e-03 8.185751339425530659e+02
5.389739520405663169e-03 7.981242043602351259e+02
5.527831126224744610e-03 7.781841626183683047e+02
5.669460804992526928e-03 7.587422461486564771e+02
5.814719206391270705e-03 7.397860112064996656e+02
5.963699302657070669e-03 7.213033249064091024e+02
6.116496448086466281e-03 7.032823574563901730e+02
6.273208440067739797e-03 6.857115745863104621e+02
6.433935581675794338e-03 6.685797301654311013e+02
6.598780745870902638e-03 6.518758590043457843e+02
6.767849441342249465e-03 6.355892698367441653e+02
6.941249880038474415e-03 6.197095384764958226e+02
7.119093046428428759e-03 6.042265011456787533e+02
7.301492768536477218e-03 5.891302479692830047e+02
7.488565790797805689e-03 5.744111166324200894e+02
7.680431848780377296e-03 5.600596861959878652e+02
7.877213745821343149e-03 5.460667710668235486e+02
8.079037431626986607e-03 5.324234151184894017e+02
8.286032082886472458e-03 5.191208859589304438e+02
8.498330185951034205e-03 5.061506693413309677e+02
8.716067621631472945e-03 4.935044637145940101e+02
8.939383752168371389e-03 4.811741749099548997e+02
9.168421510430393648e-03 4.691519109603350444e+02
9.403327491398142182e-03 4.574299770491081176e+02
9.644252045991858618e-03 4.460008705850526098e+02
9.891349377303100890e-03 4.348572764003426983e+02
1.014477763929201234e-02 4.239920620684914070e+02
1.040469903801331981e-02 4.133982733392647333e+02
1.067127993543586645e-02 4.030691296876296406e+02
1.094469095592213483e-02 3.929980199739003979e+02
1.122510709543588642e-02 3.831784982122958922e+02
1.151270783354785450e-02 3.736042794452040425e+02
1.180767724831112593e-02 3.642692357205133931e+02
1.211020413407978315e-02 3.551673921694340379e+02
1.242048212234628940e-02 3.462929231822962493e+02
1.273870980567464763e-02 3.376401486798910128e+02
1.306509086480911463e-02 3.292035304779471971e+02
1.339983419903946829e-02 3.209776687424326269e+02
1.374315405990642405e-02 3.129572985334062309e+02
1.409527018833273138e-02 3.051372864352067609e+02
1.445640795526774436e-02 2.975126272708253055e+02
1.482679850593547101e-02 2.900784408983553817e+02
1.520667890777843180e-02 2.828299690874710564e+02
1.559629230219201218e-02 2.757625724739359612e+02
1.599588806014644662e-02 2.688717275901902326e+02
1.640572194179600735e-02 2.621530239701178857e+02
1.682605626017757983e-02 2.556021613261407310e+02
1.725716004910336776e-02 2.492149467968306169e+02
1.769930923535536355e-02 2.429872922632795849e+02
1.815278681529131424e-02 2.369152117325124891e+02
1.861788303597590108e-02 2.309948187862620728e+02
1.909489558095251588e-02 2.252223240934777948e+02
1.958412976077479953e-02 2.195940329849752572e+02
2.008589870841980679e-02 2.141063430886732704e+02
2.060052357970789533e-02 2.087557420239059240e+02
2.112833375885762865e-02 2.035388051533327030e+02
2.166966706930721631e-02 1.984521933910092457e+02
2.222486998993746313e-02 1.934926510652145737e+02
2.279429787683463424e-02 1.886570038346671936e+02
2.337831519073511541e-02 1.839421566567968682e+02
2.397729573029743974e-02 1.793450918067723308e+02
2.459162287135129368e-02 1.748628669460119909e+02
2.522168981227584234e-02 1.704926132389517761e+02
2.586789982566546631e-02 1.662315335168528065e+02
2.653066651644320900e-02 1.620769004874820496e+02
2.721041408658745817e-02 1.580260549895159841e+02
2.790757760664124357e-02 1.540764042905524320e+02
2.862260329417793195e-02 1.502254204276387668e+02
2.935594879940154472e-02 1.464706385892568790e+02
3.010808349806448972e-02 1.428096555377266554e+02
3.087948879189022708e-02 1.392401280710211893e+02
3.167065841669307324e-02 1.357597715230062363e+02
3.248209875839248167e-02 1.323663583011463061e+02
3.331432917712388170e-02 1.290577164607402949e+02
3.416788233965376009e-02 1.258317283147738692e+02
3.504330456031148205e-02 1.226863290785003784e+02
3.594115615065630182e-02 1.196195055478807063e+02
3.686201177810319307e-02 1.166292948110378518e+02
3.780646083373715577e-02 1.137137829919003877e+02
3.877510780955131103e-02 1.108711040252317304e+02
3.976857268535034101e-02 1.080994384622598830e+02
4.078749132556667295e-02 1.053970123061451858e+02
4.183251588624441186e-02 1.027620958765364776e+02
4.290431523244898210e-02 1.001930027024965852e+02
4.400357536637304612e-02 9.768808844307999095e+01
4.513099986641012223e-02 9.524574983487678992e+01
4.628731033747797430e-02 9.286442366584897457e+01
4.747324687287985540e-02 9.054258577480044323e+01
4.868956852799914692e-02 8.827875007584225386e+01
4.993705380613065042e-02 8.607146760722720558e+01
5.121650115675946413e-02 8.391932560394602092e+01
5.252872948660636254e-02 8.182094659349094457e+01
5.387457868376675785e-02 7.977498751420851875e+01
5.525491015527873168e-02 7.778013885567638397e+01
5.667060737846424390e-02 7.583512382055501178e+01
5.812257646639630571e-02 7.393869750737700031e+01
5.961174674785415378e-02 7.208964611375135689e+01
6.113907136213755922e-02 7.028678615947272590e+01
6.270552786912093890e-02 6.852896372903812505e+01
6.431211887493792911e-02 6.681505373308648643e+01
6.595987267369653184e-02 6.514395918828844856e+01
6.764984390563602568e-02 6.351461051522510104e+01
6.938311423214640894e-02 6.192596485380678217e+01
7.116079302808285545e-02 6.037700539579325465e+01
7.298401809181796762e-02 5.886674073398840079e+01
7.485395637348644937e-02 5.739420422769305219e+01
7.677180472188829818e-02 5.595845338400901881e+01
7.873879065052860615e-02 5.455856925459913498e+01
8.075617312328375874e-02 5.319365584751738396e+01
8.282524336019915501e-02 5.186283955373065169e+01
8.494732566392897144e-02 5.056526858796907931e+01
8.712377826735376307e-02 4.930011244354243161e+01
8.935599420291329142e-02 4.806656136077672414e+01
9.164540219421303535e-02 4.686382580872991355e+01
9.399346757047484513e-02 4.569113597985464992e+01
9.640169320441673018e-02 4.454774129728529886e+01
9.887162047416248045e-02 4.343290993443311265e+01
1.014048302497963655e-01 4.234592834658278804e+01
1.040029439051946419e-01 4.128610081419011379e+01
1.066676243557814624e-01 4.025274899758856151e+01
1.094005771228732105e-01 3.924521150281994153e+01
1.122035514252927024e-01 3.826284345831104616e+01
1.150783412989518084e-01 3.730501610212525776e+01
1.180267867451192110e-01 3.637111637952537535e+01
1.210507749081080331e-01 3.546054655058954808e+01
1.241522412831373573e-01 3.457272380762957198e+01
1.273331709551405178e-01 3.370707990216633476e+01
1.305955998693132669e-01 3.286306078122406404e+01
1.339416161342147360e-01 3.204012623271021454e+01
1.373733613582556468e-01 3.123774953965417822e+01
1.408930320204287157e-01 3.045541714308366821e+01
1.445028808761588957e-01 2.969262831332259722e+01
1.482052183991734440e-01 2.894889482950050308e+01
1.520024142603138839e-01 2.822374066706817430e+01
1.558968988442369086e-01 2.751670169311947234e+01
1.598911648049776701e-01 2.682732536932400436e+01
1.639877686613623320e-01 2.615517046228182707e+01
1.681893324333034179e-01 2.549980676111274036e+01
1.724985453200156282e-01 2.486081480210146211e+01
1.769181654212304000e-01 2.423778560022049078e+01
1.814510215025099682e-01 2.363032038736076856e+01
1.861000148057908588e-01 2.303803035710116376e+01
1.908681209063157469e-01 2.246053641585396576e+01
1.957583916171422300e-01 2.189746894022710322e+01
2.007739569424470683e-01 2.134846754044778550e+01
2.059180270808768365e-01 2.081318082969590577e+01
2.111938944802266294e-01 2.029126619920001318e+01
2.166049359447620171e-01 1.978238959895139715e+01
2.221546147965333395e-01 1.928622532389642075e+01
2.278464830920653161e-01 1.880245580546983675e+01
2.336841838958409467e-01 1.833077140833592722e+01
2.396714536120348182e-01 1.787087023220727033e+01
2.458121243759882335e-01 1.742245791861429538e+01
2.521101265069567443e-01 1.698524746250197381e+01
2.585694910237000266e-01 1.655895902853302815e+01
2.651943522245244211e-01 1.614331977198007451e+01
2.719889503334287917e-01 1.573806366409217894e+01
2.789576342140484555e-01 1.534293132182379438e+01
2.861048641531328540e-01 1.495766984181747716e+01
2.934352147153401202e-01 1.458203263853370579e+01
3.009533776711740827e-01 1.421577928642454225e+01
3.086641649999379844e-01 1.385867536604996175e+01
3.165725119696333190e-01 1.351049231403810857e+01
3.246834802957569432e-01 1.317100727679433447e+01
3.330022613810429410e-01 1.284000296786407880e+01
3.415341796382043715e-01 1.251726752885938510e+01
3.502846958978088066e-01 1.220259439385949918e+01
3.592594109034675798e-01 1.189578215719894771e+01
3.684640688965765132e-01 1.159663444455838288e+01
3.779045612929012865e-01 1.130495978727576656e+01
3.875869304533620108e-01 1.102057149979735406e+01
3.975173735514294093e-01 1.074328756019015962e+01
4.077022465396084039e-01 1.047293049363929285e+01
4.181480682175480190e-01 1.020932725885572800e+01
4.288615244043809671e-01 9.952309137321666554e+00
4.398494722179633887e-01 9.701711625302770869e+00
4.511189444637542789e-01 9.457374328557959231e+00
4.626771541361430207e-01 9.219140859679542999e+00
4.745314990351064965e-01 8.986858737997895474e+00
4.866895665011501393e-01 8.760379291986623684e+00
4.991591382715643288e-01 8.539557564105766829e+00
5.119481954611038166e-01 8.324252218022126115e+00
5.250649236702777944e-01 8.114325448147347686e+00
5.385177182245208805e-01 7.909642891435834322e+00
5.523151895475978401e-01 7.710073541386032403e+00
5.664661686726812917e-01 7.515489664190109664e+00
5.809797128946302402e-01 7.325766716978288073e+00
5.958651115670858811e-01 7.140783268105497683e+00
6.111318920480948158e-01 6.960420919429451736e+00
6.267898257980774046e-01 6.784564230530103046e+00
6.428489346340093835e-01 6.613100644822518248e+00
6.593194971438678387e-01 6.445920417515216272e+00
6.762120552654101724e-01 6.282916545368355088e+00
6.935374210335119027e-01 6.123984698206608179e+00
7.113066835003803989e-01 5.969023152142928446e+00
7.295312158330709007e-01 5.817932724470439076e+00
7.482226825928509628e-01 5.670616710180842901e+00
7.673930472010705994e-01 5.526980820068628120e+00
7.870545795963166391e-01 5.386933120381544704e+00
8.072198640877529252e-01 5.250383973978643759e+00
8.279018074096722302e-01 5.117245982958281481e+00
8.491136469824158706e-01 4.987433932719345542e+00
8.708689593849479049e-01 4.860864737419861470e+00
8.931816690445064655e-01 4.737457386798161529e+00
9.160660571488947745e-01 4.617132894322470094e+00
9.395367707871160601e-01 4.499814246635795989e+00
9.636088323242015807e-01 4.385426354263754156e+00
9.882976490162340699e-01 4.273896003553758760e+00
1.013619022871719233e+00 4.165151809814804373e+00
1.039589160765616693e+00 4.059124171627929378e+00
1.066224684812506096e+00 3.955745226298003736e+00
1.093542643005524839e+00 3.854948806418387441e+00
1.121560520127888871e+00 3.756670397520682769e+00
1.150296248943979638e+00 3.660847096782423815e+00
1.179768221677159890e+00 3.567417572766294676e+00
1.209995301781660260e+00 3.476322026165139079e+00
1.240996836016101001e+00 3.387502151527505223e+00
1.272792666826300101e+00 3.300901099939506533e+00
1.305403145045396895e+00 3.216463442638766601e+00
1.338849142919340762e+00 3.134135135537411188e+00
1.373152067466113069e+00 3.053863484631295755e+00
1.408333874177231326e+00 2.975597112273359102e+00
1.444417081070298980e+00 2.899285924289501271e+00
1.481424783101601639e+00 2.824881077915946115e+00
1.519380666947967251e+00 2.752334950537570712e+00
1.558309026167360445e+00 2.681601109207171429e+00
1.598234776747904817e+00 2.612634280926199093e+00
1.639183473055292994e+00 2.545390323667894084e+00
1.681181324188786519e+00 2.479826198124305048e+00
1.724255210756277856e+00 2.415899940159102144e+00
1.768432702079148378e+00 2.353570633948546487e+00
1.813742073837935287e+00 2.292798385793431759e+00
1.860212326170103792e+00 2.233544298585232291e+00
1.907873202231502807e+00 2.175770446910120448e+00
1.956755207233390248e+00 2.119439852774894995e+00
2.006889627967209044e+00 2.064516461939345238e+00
2.058308552829609894e+00 2.010965120839819154e+00
2.111044892360540715e+00 1.958751554089279923e+00
2.165132400307547389e+00 1.907842342539448621e+00
2.220605695229764365e+00 1.858204901890964766e+00
2.277500282655428254e+00 1.809807461837901865e+00
2.335852577807092434e+00 1.762619045733264667e+00
2.395699928909078569e+00 1.716609450762484279e+00
2.457080641092144191e+00 1.671749228612161131e+00
2.520034000910515104e+00 1.628009666621797136e+00
2.584600301487175233e+00 1.585362769406305716e+00
2.650820868303358502e+00 1.543781240937653898e+00
2.718738085648806369e+00 1.503238467074115237e+00
2.788395423749717494e+00 1.463708498525958079e+00
2.859837466591742317e+00 1.425166034246680979e+00
2.933109940455841613e+00 1.387586405239143117e+00
3.008259743185263790e+00 1.350945558766244892e+00
3.085334974202380565e+00 1.315220042956038116e+00
3.164384965294587015e+00 1.280386991791421014e+00
3.245460312188976015e+00 1.246424110474808167e+00
3.328612906935993099e+00 1.213309661158407105e+00
3.413895971122796968e+00 1.181022449030968202e+00
3.501364089937592183e+00 1.149541808752105876e+00
3.591073247106723265e+00 1.118847591225504257e+00
3.683080860726905215e+00 1.088920150702547662e+00
3.777445820015516986e+00 1.059740332208102265e+00
3.874228523002480440e+00 1.031289459280444465e+00
3.973490915187851247e+00 1.003549322017429413e+00
4.075296529189865957e+00 9.765021654213020819e-01
4.179710525408815158e+00 9.501306780346558956e-01
4.286799733732777895e+00 9.244179808602834836e-01
4.396632696311907118e+00 8.993476165578220272e-01
4.509279711428639814e+00 8.749035389102794991e-01
4.624812878491918688e+00 8.510701025536941966e-01
4.743306144184199269e+00 8.278320529633720337e-01
4.864835349790894270e+00 8.051745166902504192e-01
4.989478279742264988e+00 7.830829918412145485e-01
5.117314711399203020e+00 7.615433387971840551e-01
5.248426466114492150e+00 7.405417711630940536e-01
5.382897461602333955e+00 7.200648469439504540e-01
5.520813765649654314e+00 7.000994599413186137e-01
5.662263651203542025e+00 6.806328313647383998e-01
5.807337652870113054e+00 6.616525016526926262e-01
5.956128624860924425e+00 6.431463224979024895e-01
6.108731800424060943e+00 6.251024490718339877e-01
6.265244852797907882e+00 6.075093324434507336e-01
6.425767957726637114e+00 5.903557121873515001e-01
6.590403857577411983e+00 5.736306091765674964e-01
6.759257927100355445e+00 5.573233185554006264e-01
6.932438240873365132e+00 5.414234028878132099e-01
7.110055642474947035e+00 5.259206854769707951e-01
7.292223815429339950e+00 5.108052438516831328e-01
7.479059355969338796e+00 4.960674034155492240e-01
7.670681847663389341e+00 4.816977312547581214e-01
7.867213937954718794e+00 4.676870301005822683e-01
8.068781416661492401e+00 4.540263324426877523e-01
8.275513296488234971e+00 4.407068947895058653e-01
8.487541895600054787e+00 4.277201920719860828e-01
8.705002922312514713e+00 4.150579121871484367e-01
8.928035561951370269e+00 4.027119506779450187e-01
9.156782565937739093e+00 3.906744055460250609e-01
9.391390343155723741e+00 3.789375721940855812e-01
9.632009053661159115e+00 3.674939384945558607e-01
9.878792704790905432e+00 3.563361799814943054e-01
1.013189924973497824e+01 3.454571551625754133e-01
1.039149068863400416e+01 3.348499009482003297e-01
1.065773317226695838e+01 3.245076281947902874e-01
1.093079710839552021e+01 3.144237173594137680e-01
1.121085727083307404e+01 3.045917142629672170e-01
1.149809291130820732e+01 2.950053259591951527e-01
1.179268787419428755e+01 2.856584167069070590e-01
1.209483071417853495e+01 2.765450040428142908e-01
1.240471481694592626e+01 2.676592549524709486e-01
1.272253852295516907e+01 2.589954821368669613e-01
1.304850525438596165e+01 2.505481403722917277e-01
1.338282364533878877e+01 2.423118229611269936e-01
1.372570767537059844e+01 2.342812582713047487e-01
1.407737680645182543e+01 2.264513063622151101e-01
1.443805612343241940e+01 2.188169556949004779e-01
1.480797647810676487e+01 2.113733199244347549e-01
1.518737463696974466e+01 2.041156347724311648e-01
1.557649343275846654e+01 1.970392549776796287e-01
1.597558191987669041e+01 1.901396513229600960e-01
1.638489553380139441e+01 1.834124077361297678e-01
1.680469625457356386e+01 1.768532184636278093e-01
1.723525277447775750e+01 1.704578853145906070e-01
1.767684067001788861e+01 1.642223149738109844e-01
1.812974257829917946e+01 1.581425163818228063e-01
1.859424837792918694e+01 1.522145981804360615e-01
1.907065537455410720e+01 1.464347662220794322e-01
1.955926849114795729e+01 1.407993211413733070e-01
2.006040046317800929e+01 1.353046559873562205e-01
2.057437203877014298e+01 1.299472539148679440e-01
2.110151218400282502e+01 1.247236859336019882e-01
2.164215829346091979e+01 1.196306087133898327e-01
2.219665640618415381e+01 1.146647624443119656e-01
2.276536142714844502e+01 1.098229687502657037e-01
2.334863735442184307e+01 1.051021286546540007e-01
2.394685751214048963e+01 1.004992205968944508e-01
2.456040478945368477e+01 9.601129849847762909e-02
2.518967188559102155e+01 9.163548987733781404e-02
2.583506156120844821e+01 8.736899400932893189e-02
2.649698689617409286e+01 8.320908013562854089e-02
2.717587155395892395e+01 7.915308571492343792e-02
